count
0 1 81 93 94 112 125 143 190 208 212 222 259 261 262 290 321 395 407 430 511 530 539 542 615 681 694 696 703 708 709 738 741 769 790 856 881 884 889 926 933 967 1033 1036 1089 1090 1110 1142 1150 1178 1211
substrings
0 484 577 615 740 923 1078
that
0 23 67 92 94 122 386 455 700 821 957 1051 1067 1143 1178 1191
differ
0
by
0 10 22 62 78 81 256 258 284 378 413 431 439 503 508 560 657 691 743 757 797 811 815 832 912 946 1022 1079 1171 1214
one
0 68 402 728 748 763 799 968 1049 1071 1107
character
0 428 914 1040
the
1 26 31 40 45 52 52 87 92 104 106 120 122 142 143 170 173 184 195 200 210 212 220 222 226 232 247 253 259 285 293 301 315 322 323 331 367 389 404 420 424 454 488 488 489 491 504 505 578 591 609 610 617 654 657 675 747 758 761 762 765 776 795 836 844 844 854 879 880 893 898 904 909 912 918 945 969 990 1041 1046 1067 1067 1085 1085 1087 1105 1114 1119 1135 1149 1151 1152 1211
number
1 3 14 23 24 32 35 46 47 69 77 91 92 93 98 106 112 119 124 125 136 139 143 147 155 174 186 204 223 224 227 250 267 268 271 274 281 291 297 304 309 315 321 333 335 336 357 358 365 382 396 407 429 447 448 455 499 505 511 521 525 530 544 546 551 570 578 585 592 594 599 604 605 613 615 617 624 628 649 655 660 678 704 708 728 728 729 733 750 758 760 762 766 771 773 778 788 803 815 843 855 858 866 871 872 878 895 901 912 927 930 957 964 966 990 1010 1011 1013 1014 1020 1021 1032 1038 1060 1061 1064 1076 1078 1086 1088 1094 1100 1106 1119 1133 1140 1143 1149 1177 1191 1204 1206 1211 1227 1234
of
1 3 11 21 23 24 31 31 32 34 35 37 40 45 46 49 54 57 69 69 71 74 77 90 90 91 92 93 94 98 103 106 124 125 129 136 137 139 142 143 155 161 162 167 169 172 173 174 177 186 186 187 198 199 200 204 208 224 227 227 230 241 246 246 250 253 267 268 271 271 281 286 291 304 315 319 321 322 331 333 335 336 339 340 342 343 348 357 360 363 365 366 373 382 387 390 392 396 401 404 404 407 416 420 420 429 431 441 444 445 447 448 455 461 465 468 472 477 488 505 510 511 521 530 533 544 545 546 549 556 560 570 577 577 578 581 582 585 585 595 599 605 613 615 617 619 624 626 628 630 633 640 642 647 655 660 669 678 692 693 695 696 697 700 700 704 707 707 708 709 728 733 738 746 748 758 760 771 771 773 776 778 786 788 795 803 804 815 823 824 826 833 835 842 843 843 848 849 855 857 858 860 866 869 871 871 872 878 895 901 904 912 927 929 932 945 947 947 950 953 954 957 964 966 968 973 990 995 1001 1009 1010 1011 1013 1020 1027 1032 1033 1038 1043 1046 1047 1060 1061 1064 1068 1073 1075 1078 1082 1083 1084 1085 1086 1088 1096 1097 1100 1100 1105 1117 1119 1127 1133 1135 1144 1149 1164 1173 1175 1179 1191 1192 1194 1195 1204 1206 1211 1212 1227 1231 1234
complete
1 894 919
components
1 240
project
2
employees
2 127 231 875 1149
i
2 206 658 715 908 918 1065
minimum
3 32 33 54 55 74 75 77 82 124 137 150 171 180 198 204 205 209 263 265 267 291 294 295 307 315 330 333 346 356 362 389 419 428 448 454 479 480 484 510 529 541 546 605 607 637 655 661 667 678 684 687 697 733 763 765 778 782 788 799 804 833 834 848 859 882 883 885 894 932 959 961 968 970 981 985 1032 1035 1041 1055 1075 1092 1112 1116 1117 1133 1153 1171 1173 1180 1182 1208 1223 1238
steps
3 60 552 728 758 1011
to
3 18 38 52 55 60 73 82 93 95 111 124 139 204 209 223 227 231 231 242 245 248 249 262 263 274 276 281 294 307 334 335 356 361 374 381 389 400 428 448 448 454 455 459 466 473 474 479 494 499 509 510 513 522 528 546 564 569 586 591 595 599 605 620 621 642 661 661 667 678 684 686 687 687 720 728 728 738 740 741 744 758 763 765 768 778 782 794 795 799 821 833 841 849 858 859 872 872 875 883 885 885 887 894 901 911 927 929 932 948 959 961 968 981 985 986 1010 1011 1018 1029 1032 1032 1035 1041 1045 1055 1070 1082 1086 1092 1112 1116 1125 1132 1133 1133 1140 1143 1144 1149 1151 1153 1171 1180 1183 1210 1217 1224 1238
make
3 18 60 124 204 209 249 262 356 374 402 428 454 546 564 620 667 678 691 720 763 765 768 782 795 799 883 950 961 985 1088 1092 1125 1132 1133 1180 1188
two
3 45 94 129 172 179 188 198 199 220 249 256 273 276 363 366 372 379 388 390 400 419 420 440 571 625 630 651 660 793 823 852 946 974 984 994 996 1043 1164 1203 1233
strings
3 31 34 44 118 129 199 207 227 249 402 419 556 582 602 625 805 910 947 984 1118 1142 1211
anagram
3
ii
3 22 50 58 63 88 100 109 132 152 158 213 215 225 254 260 270 306 316 324 332 358 391 421 480 501 534 541 558 564 569 571 574 656 666 676 720 729 752 754 787 793 870 882 940 963 977 983 992 1005 1057 1093 1116 1191 1205 1237
find
4 23 26 45 87 122 159 184 210 220 253 275 276 288 315 322 331 355 411 413 415 424 458 464 472 480 488 492 504 505 554 565 609 639 646 654 674 677 684 700 714 732 747 791 805 839 893 898 909 942 962 990 1037 1060 1073 1077 1085 1090 1129 1138 1143 1182
resultant
4
array
4 22 45 57 58 60 62 78 81 86 104 111 146 159 163 177 187 192 194 195 201 203 210 219 219 241 252 262 269 285 290 322 331 335 349 350 352 356 360 366 367 385 386 400 411 417 424 429 430 431 431 454 462 464 472 478 480 495 523 545 546 551 553 563 598 639 642 648 654 667 678 689 691 743 747 749 765 780 791 793 794 826 858 867 929 945 965 985 1001 1005 1041 1045 1046 1056 1058 1059 1092 1125 1127 1130 1132 1133 1138 1138 1152 1160 1163 1165 1182 1185 1188
after
4 12 70 102 107 171 177 187 300 309 484 511 543 552 614 655 683 745 758 804 848 881 1009 1011 1053 1108 1156 1194 1199
removing
4 77 177 481 484 923 941
anagrams
4 275 399
exam
5 1135
room
5
super
6 25 514
pow
6
reverse
7 237 463 511 544 676 717 792 857 971 1128
words
7 179 237 256 460 508 521 628 695 881
in
7 14 24 41 42 43 49 54 86 90 121 133 140 155 159 184 195 196 208 210 211 214 222 223 234 237 243 254 269 275 289 290 347 349 360 366 375 380 385 394 411 429 430 437 439 464 466 472 480 488 495 502 507 521 545 551 562 573 597 598 607 611 628 639 645 654 680 700 701 702 703 709 724 728 746 755 758 763 773 777 784 791 796 800 802 818 829 834 839 846 848 855 856 859 866 869 873 884 895 902 945 950 955 958 960 971 975 980 982 993 1005 1013 1020 1021 1040 1049 1059 1075 1091 1103 1120 1130 1165 1168 1169 1182 1195 1222
a
7 17 24 42 43 49 54 61 69 73 74 83 90 90 104 139 154 171 173 181 196 200 223 231 237 238 246 248 253 269 271 275 281 281 289 309 309 310 320 334 342 368 373 382 449 460 477 481 488 502 521 545 562 565 570 573 591 604 622 626 633 638 645 661 670 687 700 700 700 701 724 728 745 746 763 771 773 777 800 824 829 834 837 839 855 859 866 871 881 884 893 915 922 927 930 932 950 954 958 958 961 964 980 990 993 1001 1002 1011 1013 1020 1033 1040 1046 1049 1050 1051 1068 1069 1075 1075 1079 1082 1096 1100 1110 1112 1132 1137 1140 1141 1143 1151 1180 1195 1195 1212 1213 1215 1222 1235
string
7 14 16 18 24 31 59 61 73 76 102 120 133 181 209 237 248 275 281 300 320 320 334 343 361 365 372 380 385 402 433 437 449 456 477 481 484 488 621 634 644 650 654 706 730 740 745 748 782 789 800 804 824 840 869 900 1014 1033 1040 1044 1051 1113 1151 1186 1196 1219 1230 1235 1238
iii
7 65 105 182 470 535 548 620 723 744 809 1031 1052 1102 1146
arithmetic
8 213 396 770 798
slices
8 213 1066
consecutive
9 39 55 82 351 360 453 558 733 851 924 1039 1052 1088 1143 1175 1223
numbers
9 13 19 142 159 161 210 315 341 349 360 366 388 498 519 571 586 595 724 725 762 769 788 814 851 854 884 890 993 996 1060 1175 1194
latest
10 591
time
10 73 251 294 359 389 413 474 479 510 569 570 591 637 640 684 686 693 735 744 817 833 844 859 875 894 943 981 1144 1224
replacing
10
hidden
10 212
digits
10 29 246 404 519 537 580 655 735 769 821 999 1060 1220
length
11 31 420 484 581 603 619 804 904 1027 1082 1158
longest
11 30 80 152 184 202 242 256 278 329 452 456 512 513 555 593 596 618 665 701 719 742 777 785 798 876 904 914 921 924 938 975 1067 1124 1184 1186 1225
fibonacci
11 315
subsequence
11 85 152 157 213 242 555 593 607 609 647 739 742 798 876 916 921 1179 1180 1212
frog
12 951
position
12 472 1011 1030
t
12
seconds
12
self
13
dividing
13
largest
14 41 42 67 92 110 128 167 199 258 268 273 326 617 645 682 694 710 714 735 756 800 821 967 969 1056 1106 1134 1148 1177
3-same-digit
14
smallest
15 102 181 253 270 289 301 345 398 423 433 554 592 644 680 757 861 893 908 942 962 1014 1017 1021 1043 1044 1119 1151 1169 1176 1179 1212
rotation
15
with
15 32 35 51 67 74 80 106 114 116 125 137 151 161 181 190 227 240 246 247 253 259 261 262 301 311 337 355 417 436 451 460 476 509 513 519 524 539 555 559 560 578 585 638 650 668 670 673 681 682 686 688 695 710 721 734 740 769 820 821 851 867 896 922 926 928 942 956 965 967 973 980 1010 1017 1037 1046 1051 1058 1060 1066 1082 1107 1148 1150 1184 1185 1189 1192 1208 1209 1212 1218 1222
highest
15 87 259 368 783 874 1046 1083 1109 1218
score
15 40 107 169 171 259 263 283 508 633 697 745 826 923 941 1046 1108 1150 1218
scramble
16
balance
17
binary
17 63 73 99 101 123 140 153 160 175 193 211 214 218 223 229 236 242 245 257 300 328 342 365 370 373 425 448 486 533 534 595 622 671 698 700 701 703 728 731 740 748 754 782 794 802 811 812 818 822 823 839 857 895 919 939 950 955 956 982 989 991 998 1007 1018 1024 1046 1062 1117 1136 1141 1144 1170 1175 1183 1217 1219
search
17 101 166 257 457 527 754 794 822 915 989 1005 1007 1018 1024 1030 1059 1141 1155 1217
tree
17 63 101 139 140 171 175 193 211 214 218 229 236 239 245 257 303 314 328 342 362 370 373 377 425 457 486 533 534 549 608 669 671 698 700 700 701 703 731 794 802 812 828 830 837 839 857 859 919 939 950 955 982 989 991 995 998 1007 1018 1117 1136 1141 1144 1170 1183 1217 1217
rearrange
18 73 743 1145
characters
18 273 674 785 835 968 1039 1051 1078 1179 1184 1198
target
18 195 227 263 281 455 522 554 642 661 821 1185
valid
19 61 79 104 129 148 224 288 298 313 446 496 521 525 543 553 664 763 772 883 938 958 969 1089 1235
phone
19 750 964
print
20 117 846 1151
foobar
20
alternately
20 1118
earliest
21
possible
21 97 153 458
day
21
full
21 153 155 973
bloom
21 155
sort
22 62 78 312 350 563 616 657 690 730 816 854 880 912 1041
parity
22 78
servers
23 1178
handled
23
most
23 287 451 551 552 609 725 748 1209
requests
23 613
segments
24 186 795
egg
25
drop
25
shortest
26 114 144 473 557 734 753 767 818 1222 1231
superstring
26
random
27 476 668 810
pick
27 55 476
index
27 198 269 488 1113 1129
lru
28
cache
28
remove
29 58 162 201 274 369 380 483 761 981 1122 1167 1197 1205 1210
k
29 81 82 108 125 142 161 186 187 207 242 315 317 348 360 368 386 424 439 524 552 603 733 734 757 775 802 820 824 831 841 863 921 942 1010 1011 1035 1150 1184 1189 1214 1223
chunked
30
palindrome
30 65 119 124 207 249 256 329 397 435 446 752 861 898 906 1158
decomposition
30
k-th
31 423 680 960 962
lexicographical
31 341 680
all
31 49 153 159 210 275 301 380 411 415 458 464 473 522 577 603 637 684 695 795 802 805 814 859 860 868 875 926 981 1032 1046 1078 1089 1115 1116 1133 1195 1226 1226
happy
31 1124 1186
n
31 640 725 726 740 1053 1086 1108
equal
32 46 94 112 150 197 227 242 246 273 355 402 417 430 498 509 513 515 589 691 738 795 950 1010 1058 1082 1092 1133
sum
32 33 43 50 70 85 157 161 163 172 180 187 190 197 198 214 241 246 246 253 315 340 348 355 379 400 401 404 414 417 419 422 439 441 445 455 461 503 524 541 544 545 555 577 586 595 642 647 655 687 705 707 734 786 793 812 820 863 888 945 947 952 956 977 1025 1031 1056 1068 1082 1084 1100 1143 1164 1171 1173 1194 1217
arrays
32 45 94 143 204 220 357 363 372 400 1043
operations
32 102 204 283 454 511 614 678 683 741 765 799 867 885 961 1009 1032 1108 1133 1180
path
33 74 114 180 211 473 541 596 701 705 763 812 818 819 834 958 977 1031 1072 1208 1222 1235
greatest
34 51 106 503 1120
common
34 45 71 258 278 674 742 753 966
divisor
34 653 893
subarrays
35 103 111 172 261 355 431 770 831 956 1010 1017 1150 1189 1204
bounded
35 611
maximum
35 46 63 69 70 80 129 138 163 172 178 185 214 230 231 232 235 241 283 284 297 300 325 335 339 351 353 366 382 386 420 424 429 436 449 461 465 495 508 518 533 552 567 581 588 613 624 628 633 640 669 683 704 708 712 745 773 812 820 825 826 855 888 899 923 941 952 957 965 973 1017 1020 1022 1034 1068 1079 1082 1084 1088 1096 1105 1127 1166 1174 1191 1192 1206 1215
min
36 383 1023
max
36 238 246 348 374 564 681 760 944 1052
game
36 165 200 403 485 526 565 566 635 653 685 809 934 939 940 992 1085 1228
satisfiability
37
equality
37
equations
37
fraction
38 423 1121
recurring
38
decimal
38
non-negative
39
integers
39 190 230 511 517 524 657 799 852 856 889 912 1042 1143 1164 1189
without
39 351 785 789
ones
39 748 926 1052 1223
students
40 305 570 579 599
solving
40 337
math
40
expression
40 310 465 892 1161
rectangle
41 75 216 348 584 845 882
histogram
41
local
42 636
values
42 326 362 946 980 1088
matrix
42 43 107 228 253 288 289 306 439 448 448 610 622 724 736 818 884 902 915 922 929 954 979 980 1098 1099 1102 1200 1216
k-similar
44
prefix
45 278 322 460 527 618 811 947 1124
flip
46 621 1062 1183
columns
46 620 720 768 1022
for
46 79 104 150 156 163 295 419 532 735 918 984 1144 1193 1223
rows
46 253 1022
guess
47 358
higher
47 358
or
47 122 233 242 325 358 513 789 823 1017 1049 1058 1082 1209
lower
47 358 986 1120
leaf-similar
48
trees
48 153 754 822 1062
execution
49
suffix
49 527
instructions
49 352 398
staying
49
grid
49 222 226 292 485 711 763 773 807 834 958 961 1013 1020 1086 1222
combination
50 156 414 422 710
replace
51 86 247 349 1077
elements
51 86 145 151 177 235 445 539 539 578 687 743 820 831 839 848 1058 1125 1133
element
51 176 287 289 470 472 483 492 645 965 1130 1165
on
51 171 238 344 449 562 565 638 825 1067 1215
right
51 254 486 507 646
side
51 486 1082
group
52 52 399 694 1116
people
52 494 771 778 825 880 887
given
52 181 195 276 281 288 458 460 570 687 725 735 893 1033 1037 1045 1143
size
52 258 416 824 1130 1233
they
52
belong
52
tallest
53
billboard
53
limit
54 513 650
balls
54 568 855 1032
bag
54 387
cards
55 90 588 755
up
55 821
building
56 217 629
boxes
56 138 1070
doubled
57 1138
pairs
57 81 91 125 208 227 367 429 430 468 530 560 589 696 760 843 942 1038 1091 1234
duplicates
58 201 380 464 467 1167 1205
from
58 138 162 179 201 274 283 326 362 367 370 425 458 481 518 522 537 588 837 901 923 941 944 965 998 1007 1014 1044 1050 1070 1136 1138 1158 1167 1205
sorted
58 146 201 252 253 289 317 352 363 374 472 480 545 564 620 720 768 793 794 884 974 1001 1005 1018 1043 1059 1142 1165 1167 1182 1205
di
59 79 1014
match
59 1183 1199
non-decreasing
60
check
61 104 112 146 194 277 320 342 372 402 543 603 748 814 958 993 1099 1100 1168 1226 1235
if
61 104 112 146 188 320 372 402 543 603 625 706 748 761 814 958 993 1099 1100 1168 1226 1235
parentheses
61 129 169 298 369 727 883 938 1105 1235
can
61 92 94 138 217 320 344 402 424 588 944 957 1088 1168 1191
be
61 231 957 1144 1168 1191
increasing
62 152 235 457 621 755 840 1013 1220
frequency
62 606 712 907 1210
slowest
64
key
64 551 638
partitioning
65 435 752 788 906
flood
66
fill
66 833
positive
67 230 1101 1171
integer
67 95 223 244 361 404 444 505 757 791 792 821 849 944 1029
exists
67
its
67 544
negative
67 884
plus
68 1134
occurrences
69 1156 1212
substring
69 184 202 205 273 353 695 719 785 904 1037 1148 1184 1199 1225
segment
70 748
removals
70 171 546
lowest
71
ancestor
71 567
deepest
71 301
leaves
71 786
design
72 83 154 255 487 540 572 659 670 699 801 930 935 1123
linked
72 223 243 245 375 573 630 676 774 776 810 955 983 1068 1103 1213
list
72 162 223 243 245 312 375 573 616 668 676 774 776 808 810 955 983 1012 1018 1068 1154 1167 1181 1205 1213
needed
73 875
cost
74 137 294 295 362 383 763 834 1035 1092 1153 1207
special
74 351 889 1058 1219
roads
74 339
area
75 286 319 882 994
compression
76
magic
77
beans
77
permutations
79 531 870
sequence
79 113 354 879 924 969 1231
subarray
80 144 151 340 441 461 512 513 581 633 665 734 775 863 888 899 917 952 1174 1214
bitwise
80 103 509 710 860 1008 1017
and
80 112 146 164 241 264 288 299 305 370 376 404 408 418 430 468 472 474 490 509 527 539 544 561 567 569 584 589 636 686 710 744 814 816 827 903 998 1036 1074 1077 1089 1093 1120 1121 1136 1157 1198 1201 1224
divisible
81 128 356 430 439 503 560 757 811 831 1214
recolors
82
get
82 138 473 495 944 1171
black
82
blocks
82
food
83 746
rating
83
system
83 434 572 659 930 1155
nth
84 162 874 1076
digit
84 112 112 161 190 274 655 725 800
closest
85 276 282 612 642 841 898 1207
an
86 159 191 208 290 331 335 350 366 385 404 411 430 464 505 551 562 791 813 867 935 944 965 1084 1135 1163
altitude
87
trapping
88 862
rain
88 862
water
88 347 451 862 925 1157
sqrt(x)
89
x
90 122 885 1058 1058
kind
90
deck
90
satisfying
91
inequality
91
rectangles
92 843
form
92 94 281 431 687 821
square
92 110 313 496 926 1082
ways
93 111 139 262 271 281 335 364 758 858 872 927 1011 1086 1132
place
93 758
houses
93
triplets
94 290 396
xor
94 322 366 683 714 779 795 860 965 1008
roman
95 1029
utf-8
96
validation
96
bipartition
97
recent
98
calls
98
watch
99
word
100 166 318 543 557 606 764 931 967 975 1027 1057 1168
ladder
100 931
iterator
101 156 759
lexicographically
102 433 644 861 969 1151
applying
102
ors
103
there
104 958 1235
is
104 131 146 315 365 386 439 543 739 793 958 1099 1100 1235
partition
104 163 197 296 335 343 386 400 417 523 689 808 1045
product
105 142 173 262 404 420 715 775 899 928 1043 1097
sales
105 548 715
analysis
105 548 715
kids
106
candies
106 137 138 494 516
flipping
107
cheapest
108
flights
108
within
108 368 624 911
stops
108 333
student
109 1065
attendance
109 1065
record
109 1065
1-bordered
110
split
111 230 243 249 858 1056
into
111 219 267 400 417 689 788 824 1080 1141
three
111 167 390 417 503 515 561 652 968 1049 1078 1100 1143
has
112 122 748
value
112 181 220 240 465 657 714 1009 1034 1037 1119 1169 1171
permutation
113 133 432 638 897 1107 1236
alternating
114 454 782
colors
114 690
repeated
115 519 581 921
dna
115
sequences
115 174 212 663
call
116 1071
function
116 279 416 936 1071
custom
116 730
context
116
zero
117 448 509 691 710 741 795 799 885
even
117 184 190 230 287 371 816 828 1060 1176 1194
odd
117 371 816 828 857 980 1051
add
118 123 388 571 687 821 849 883
reformat
120 750
calculate
121 251 784
money
121 346
leetcode
121
bank
121 434 866
nearest
122
point
122
same
122 240 277 377 578 758 761 851 928 1049 1209
y
122
coordinate
122 436 714
moves
124 263 605 661 773 985 1238
absolute
125 461 465 513 545 596
difference
125 235 386 400 504 529 567 747 848 944 1173
simplified
126
fractions
126
earning
127
more
127 579 1049 1165
than
127 151 242 348 513 554 579 710 762 775 1058 1082 1150 1165
their
127 661
managers
127 721
subset
128 197
nesting
129 1105 1160
depth
129 533 669 1105 1117
ransom
130
note
130
graph
131 208 442 559 590 777 873 1073 1075 1195
bipartite?
131
pascal's
132 1126
triangle
132 168 756 1126
stock
134 474 569 686 744 871 1048 1224
price
134 368 853
fluctuation
134
russian
135
doll
135
envelopes
135
boomerangs
136
buying
137
discount
137 726 948
you
138 217 344 424 588 944 1088
reconstruct
139 537 622
cousins
140
factorial
141 416 1147
trailing
141
zeroes
141 416 736
last
142 472 901 1027 1159 1237
ideal
143 876
unsorted
144
continuous
144 513 678 904
intervals
145 267 506 672 689 856 1016 1197
between
145 220 235 273 277 330 567 660 681 702 994 1103 1203
identical
145
rotated
146 480 580 1005 1059 1182
strictly
147 539
palindromic
147 420 654 933 1106 1225
boomerang
148
height
149 284 797
checker
149 631 963
domino
150 1201 1234
rotations
150
row
150 233 288 589 814 1209
greater
151 375 470 539 554 594 710 1058 1217
varying
151
threshold
151 559 893 1082
text
154 393
editor
154
flowers
155
constrained
157
subsets
158 384 708 764
disappeared
159
gap
160 1166
units
161 1215
node
162 254 276 375 507 567 700 810 829 901 1195 1218
end
162
snakes
164
ladders
164
stone
165 403 566 809 934 992 1159 1237
ix
165
multiple
167 1176 1185
escape
170 323 1137
ghosts
170
non-overlapping
172 186 1016
abbreviating
173
range
173 225 270 368 401 562 908 1028 1097
distinct
174 332 511 737 747 1179
roll
174
zigzag
175 211 701 1125 1162
level
175 328 534 830
order
175 195 327 328 373 457 534 607 680 755 830 846 902
traversal
175 218 303 328 370 373 534 608 698 830 837 991 998 1007 1136 1183
majority
176
mean
177
some
177 758
average
178 529 693 738 817 853
pass
178
ratio
178
uncommon
179
sentences
179 628
falling
180 541
numeric
181
unique
182 247 260 428 445 667 716 754 769 815 822 1040 1054
paths
182 260 392 439 447 466 522 619 716 901 950 1013
delete
183 408 419 467 620 720 768 829 877 903 984
duplicate
183 482 662 719
emails
183 662
containing
184 981 994 1078
vowels
184
counts
184 1051
width
185
ramp
185
sets
186 360
line
186 238 587 1112
maximize
187 274 711 1108 1135 1158
negations
187
determine
188 200 625 706
events
188 957 1191
have
188 1051
conflict
188
top
189 652
travellers
189
defanging
191
ip
191 266
address
191
wrapper
192
validate
193 257 663
nodes
193 208 259 276 301 330 408 466 573 696 702 703 738 802 873 896 971 1091
formation
194
through
194 352
concatenation
194 227 695 1175
create
195 240 352 425 936
battleships
196
board
196 1072
lists
198 317 630 974 1103
merge
199 252 317 672 702 974 997 1103 1104 1118 1153
winner
200 565
bowling
200
nice
202 665
beautiful
203 433
similar
204 804 997
window
205
article
206
views
206
construct
207 314 370 650 969 998 1007 1014 1136 1185
unreachable
208
undirected
208
deletions
209 356 428 449
balanced
209 594 731
lonely
210
labelled
211
-
213 467 793
bst
214 330 401 827 829
task
215 1067
scheduler
215
perfect
216 496
furthest
217
reach
217 263 479 604 959 1011 1055
postorder
218 370 608 998
convert
219 223 448 459 794 1018 1140 1238
1d
219
2d
219 807 915
distance
220 330 614 681 802 902 962 1081
knight
221
dialer
221
unguarded
222
cells
222 562 902 980 1053
clock
224
times
224 365 561 921 1049
addition
225 1121
stamping
226 879
toeplitz
228
evaluate
229 576 1128
boolean
229 310
invited
231
meeting
231 1146
detonate
232
bombs
232
first
233 381 472 488 654 901 1040 1101
completely
233
painted
233
column
233 288 589 649 814 1111 1209
booking
234
concert
234
tickets
234 295
groups
234 267 382 556 582 824
cameras
236
points
238 588 637 806 841 994 994 1206
symmetric
239
less
242 513 775 1082 1150
parts
243 417 515
replacement
244 914 1199
flatten
245 1213
pair
246 962 1026
employee
247 413 1067 1149 1193 1202
id
247
identifier
247
adding
248 881 996
spaces
248
1
250 740 912 1133
bits
250 463 895 912
delayed
251
arrival
251
kth
253 289 398 592 645 714 1043
populating
254 507
next
254 375 470 507 594 897
pointers
254 507
each
254 413 507 815 872 1032 1149 1169 1193
authentication
255
manager
255
concatenating
256 431
letter
256 381 432 520 554 869 881 964 1120 1210 1212
component
258
factor
258
fixed
261
bounds
261
loud
264
rich
264
genetic
265 1169
mutation
265
restore
266 285 367
addresses
266 1054
divide
267 360 824 852 927
at
268 552 561 570 603 721 725 734 748 763 1113 1184 1233
least
268 499 561 603 721 734 763 1184 1233
twice
268 381
others
268
peak
269 492 1083
mountain
269 546 553 639
cutting
271
pizza
271 1066
grumpy
272
bookstore
272
owner
272
result
274
distances
277
letters
277 508 717 787
rotate
279 462 632 1012 1196
distant
280
barcodes
280
dictionary
281 813 975
3sum
282 688 988
performing
283 1009
multiplication
283
stacking
284
cuboids
284
surface
286
3d
286 319
shapes
286 319
frequent
287 551
sums
288 848 942 1185 1214
good
290 415 447 633 703 790 805 825
frogs
291
croaking
291
illumination
292
capitalize
293
title
293 1111
set
294 725 736 895 1021 1233
cooking
294
labels
296 326
third
297
rings
299
rods
299
change
300 627 968
subtree
301 549 738 1169
koko
302
eating
302
bananas
302
n-ary
303 608 669 830
preorder
303 370 698 837 1007 1136 1183
islands
304 1064
examinations
305
spiral
306 1102 1200 1216
initial
307
energy
307
finish
307 389 684
tasks
307
rank
308 427 832 954 1000
scores
308 947
double
309
reversal
309
parsing
310
best
311 410 474 569 686 744 1026 1224
team
311 345 1096
no
311 348 585 673 994
conflicts
311
insertion
312
quad
314
whose
315 439
watering
316
plants
316
break
318 320 1057
projection
319
another
320 431 549
teams
321 832
original
322 537 1138 1152
spreading
323
fire
323
brace
324
expansion
324
customers
327 868
who
327 561 868
never
327
k-sum
331 760
subsequences
332 420 737 803 933 1158
refueling
333
move
334 661 1032
pieces
334 692 761
obtain
334 588 741
senior
336
citizens
336
questions
337
brainpower
337
house
338
robber
338
total
339 413 477 560 707
importance
339
ranges
340
completeness
342
optimal
343 1131
eat
344 599
your
344 344
favorite
344 344
candy
344 583 713
day?
344
sufficient
345
required
346
before
346 1226
transactions
346
swim
347
rising
347 937
larger
348
non-coprime
349
floors
351 351
repeating
353 517 785 914 1184
fancy
354
squareful
357
based
359 825
key-value
359
store
359
(atoi)
361
leaf
362 466 586 595 1044
median
363
decode
364 478 836 1230 1236
prefix-aligned
365
adjacent
367 380 437 578 673 1223
ranked
368
items
368 997 1110
outermost
369
jump
371 526 685 940 951
are
372 603 625 706 761 762 993
equivalent
372 644 1062 1234
vertical
373 994
chunks
374 564
cat
376 1093
mouse
376 1093
regions
378 850
cut
378
slashes
378
appear
381
entering
382
competition
382 932
climbing
383 1019
stairs
383 1019
matching
385 718 803 892 905 1110 1192
such
386
tokens
387
race
389
out
390 392
counter
391
boundary
392
justification
393
investments
394
2016
394
asterisks
395
prime
397 423 895
minimize
400 426 598 614 656 779 1127
swap
402 437 614 713 1091 1107
vii
403
subtract
404
event
405
emitter
405
long
406 927
pressed
406
name
406
texts
407
return
408
forest
408 796
pow(x,
409
n)
409
poker
410
hand
410
k-distant
411
indices
411 415 816
four
412 655
divisors
412 612
spent
413 542
iv
414 536 906 1216 1224
preimage
416
daily
418 601
leads
418
partners
418
ascii
419
n-queens
421 1006
build
424 867 922
where
424 1114
exactly
424 820 1011
comparisons
424
descriptions
425
malware
426 656
spread
426 656
maximal
427 845
network
427 436 844 943
frequencies
428
case
432 986 1120
simple
434
quality
436
lr
437
profitable
438
schemes
438
combine
440
tables
440
minimums
441
clone
442 700
brick
443
wall
443
complement
444
base
444 459
10
444
flips
448 733
mirror
450
reflection
450
container
451 930
well-performing
452
interval
452 493 646 1154
moving
453 558
stones
453 490 558 941 1153 1209
until
453 558
submatrices
455 926
chain
456
recipes
458
supplies
458
-2
459
counting
460
any
461
insufficient
466
root
466 586 595
insert
467 493 877 1030 1141
getrandom
467 877
o(1)
467 877
allowed
467
successful
468
spells
468
potions
468
arranging
469
coins
469 982
corporate
471
flight
471
bookings
471
keys
473
buy
474 569 686 744 1224
sell
474 568 569 686 744 1224
capital
475
gain/loss
475
blacklist
476
appeal
477
xored
478 1236
second
479 800 1109
destination
479 865
stars
481
zeros
482 702
view
486
front
487
middle
487 776
back
487
queue
487 641 797
occurrence
488
open
489
lock
489
jewels
490
erect
491
fence
491
distribute
494 516 517 982
generated
495
broken
497
calculator
497 536
rational
498
operators
499
express
499
tag
500
validator
500
my
501 535 658
calendar
501 535 658
fix
502
names
502
table
502 746 1145
punishment
505
data
506 597 1115
stream
506 645 835 935
as
506 823
disjoint
506 689
formed
508
triples
509
amount
510 784 833 1144
collect
510 859
garbage
510
turbulent
512
diff
513
palindromes
514
earnings
518
taxi
518
tile
520
possibilities
520
sentence
521 993
source
522
append
524
minimal
524
vi
526 934
transform
528 954
chessboard
528
bad
530
available
532
captures
532
rook
532
basic
536
english
537 1120
contain
538
virus
538
smaller
539 762
bitset
540
days
542 660 911 918 1053
together
542 1116
substitutions
543
differences
545 851 1203
combinations
547 964
vowel
550 1142
spellchecker
550
following
551
fruits
552
harvested
552
limited
555 619
special-equivalent
556
completing
557
connectivity
559
songs
560
durations
560
60
560
actors
561
directors
561
cooperated
561
excel
562 649 1111
sheet
562 649 1111
relative
563
tic
565
tac
565
toe
565
diminishing-valued
568
colored
568 761
doing
570
homework
570
underground
572
swapping
573
car
574 886 1232
fleet
574 1232
fizz
575
buzz
575
division
576 1131
beauty
577 917 945
color
578 761
classes
579
5
579 721 811
circle
584 611
overlapping
584
burgers
585
waste
585
ingredients
585
tenth
587
modify
590
edge
590 619 1218
weights
590
catch
591
bus
591
query
592
trimmed
592
harmonious
593
numerically
594
file
596 1187
reorder
597 1181
log
597
files
597
deviation
598
unable
599
lunch
599
html
600
entity
600
parser
600 623 891
temperatures
601
multiply
602
1's
603 1116
places
603
away
603
seat
605 864
everyone
605
non-increasing
607
competitive
609
reshape
610
robot
611 722 1151
achievable
613
transfer
613
hamming
614
homogenous
615
customer
617 677 913
placing
617
orders
617 726 746
uploaded
618
checking
619
existence
619
monotone
621 1220
2-row
622
mini
623
robots
624
budget
624
close
625
percentage
626 869
users
626
attended
626 957 1191
contest
626
lemonade
627
found
628 946
h2o
629
intersection
630 1233
strong
631 963
password
631 963
image
632
interleaving
634
dungeon
635
global
636
inversions
636
visiting
637
queries
638 1097 1194
running
640
computers
640
orderly
641
mutated
642
uncrossed
643
lines
643 1112
widths
647
monotonic
648
repeat
650
city
651 865
scheduling
651
department
652 783 1193
salaries
652
splitting
655 745
power
657 842 953
parking
659
dates
660
box
661 855 1032
location
661
stack
663 670 712 867 1023
sudoku
664 978
diagonal
666
traverse
666
increment
667 670
copy
668
pointer
668
operation
670 984
univalued
671
flower
673
planting
673
defuse
675
bomb
675
referee
677
champagne
679
tower
679
subtrees
681
cities
681
submatrix
682
rearrangements
682
jobs
684
transaction
686
fee
686
multiplicity
688
subtracting
691
amounts
691
selling
692 853
wood
692
process
693
per
693
machine
693
triangulation
697
polygon
697
twitter
699
corresponding
700
eaten
704
apples
704 859
halves
706
alike
706
strength
707
wizards
707
bitwise-or
708
matches
709
tournament
709
happiness
711
fair
713 1047 1132
only
717
camelcase
718
direct
721
reports
721
walking
722
simulation
722
parallel
723
courses
723
lucky
724 791
apply
726 948
every
726 814
generate
727 1051
reduce
728 885
representation
728 895
single
729 1094
missing
732 1101 1169
observations
732
bit
733 799
representing
740
sign
743 1134
display
746
restaurant
746
chunk
749
throttle
751
supersequence
753
reveal
755
perimeter
756
stay
758
rle
759
both
761
neighbors
761
how
762
many
762
current
762
k-increasing
765
n-th
766
tribonacci
766
bridge
767
aware
771
secret
771
tic-tac-toe
772
state
772
cycle
774 777 983
teach
778
snapshot
780
gray
781
code
781
changes
782
salary
783 874 1109
paid
784
taxes
784
left
786
shifting
787
deci-binary
788
aaa
789
bbb
789
meals
790
input
793
rabbits
796
reconstruction
797
hashset
801
deleting
804
ends
804
reaching
806
shift
807
verifying
813
alien
813
contains
814
subjects
815
taught
815
teacher
815
independently
816
waiting
817
simplify
819
logical
823
grids
823
represented
823
quad-trees
823
statements
825
spliced
826
serialize
827
deserialize
827
votes
832
cups
833
message
836
recover
837 989 1152
cherry
838
pickup
838 1089
contaminated
839
decreasing
840
origin
841
heroes
842
interchangeable
843
when
844
becomes
844
idle
844
asteroid
847
collision
847
removal
848 1055
array-form
849
surrounded
850
jumbled
854
levels
857
pairings
860
equals
863
cinema
864
allocation
864
laser
866
beams
866
bought
868
products
868 1074 1145
smooth
871
descent
871
periods
871
wear
872
different
872 933 1189
hats
872
other
872
reachable
873 896
subdivided
873
inform
875
enclaves
878
obtained
881
pooling
886
boats
887
save
887
circular
888 1085
compare
890
version
890
goal
891
interpretation
891
regular
892
trips
894
restrictions
896
reorganize
900
restricted
901
earn
903
alphabetical
904
wildcard
905
tracker
907 1000
town
909
judge
909
buddy
910
capacity
911 973
ship
911
packages
911
d
911
richest
913
wealth
913
wiggle
916
sliding
917 1172
user
918
activity
918
past
918
30
918
inserter
919
rotting
920
oranges
920
conditions
922 968
pacific
925
atlantic
925
flow
925
corridor
927
tuple
928
objects
929 1203
hours
932
training
932
win
932
ordered
935
hello
936
world
936
temperature
937
coloring
939 1069
delay
943
changing
944
keep
946
multiplying
946
prices
948
couples
949
holding
949
hands
949
costs
950
ascending
952 993
reordered
953
2
953
jumps
959
home
959
symbol
960
grammar
960
uni-value
961
factors
966
sender
967
satisfy
968
incompatibility
970
k-group
971
advantage
972
shuffle
972 1163
bags
973
rocks
973
gas
976
station
976
solver
978
pyramid
979
transition
979
cars
981
illegal
981
goods
981
complementary
985
invalid
987
tweets
987
k-beauty
990
inorder
991 998 1136
widest
994
coprimes
995
negabinary
996
sequential
999
sequentially
1000
ordinal
1000
squares
1001 1190
naming
1002
company
1002
video
1003
stitching
1003
filling
1004
bookcase
1004
shelves
1004
neighboring
1008
final
1009
variable
1009
gcd
1010
online
1015 1048
election
1015
fish
1020
infinite
1021
covered
1022 1079 1197
multiples
1025
sightseeing
1026
module
1028
prefixes
1033
erasure
1034
hire
1035
workers
1035
say
1036
hash
1037
excellent
1038
replacements
1041
powerful
1042
starting
1044
according
1045
pivot
1045 1129
divisions
1046
distribution
1047
cookies
1047
span
1048
alert
1049
using
1049 1151
key-card
1049
hour
1049
period
1049
statistics
1050
large
1050 1137
sample
1050
prison
1053
email
1054
obstacle
1055
corner
1055
atoms
1061
pancake
1063
sorting
1063
closed
1064
3n
1066
worked
1067
twin
1068
border
1069
delivering
1070
storage
1070
ports
1070
allow
1071
alphabet
1072
center
1073
star
1073
recyclable
1074
low
1074
fat
1074
degree
1075
connected
1075
trio
1075
magical
1076
pattern
1077
white
1079
tiles
1079
carpet
1079
fruit
1080
baskets
1080
edit
1081
map
1083
hourglass
1084
losers
1085
paint
1086
×
1086
3
1086
cracking
1087
safe
1087
delivery
1089
options
1089
followers
1090
4sum
1095
performance
1096
powers
1097 1100
transpose
1098 1187
x-matrix
1099
accounts
1104
previous
1107
rule
1110
represent
1112
chart
1112
decoded
1113
will
1114
ball
1114
fall
1114
o`one
1115
structure
1115
swaps
1116 1223
rearranged
1119
upper
1120
subtraction
1121
comments
1122
hashmap
1123
decrease
1125
polish
1128
notation
1128
n-repeated
1130
2n
1130
confusion
1135
maze
1137
big
1139
countries
1139
hexadecimal
1140
infected
1144
rooms
1146
clumsy
1147
variance
1148
which
1149
report
1149
intersections
1154
suggestions
1155
bigram
1156
jug
1157
problem
1157
weight
1159 1237
parse
1161
lisp
1161
conversion
1162
appearing
1165
25%
1165
placed
1168
crossword
1168
tilt
1170
step
1171 1171
puzzle
1172
squared
1173
communicate
1178
empty
1188
detect
1190
players
1192
trainers
1192
primary
1193
ancestors
1195
directed
1195
acyclic
1195
1-bit
1198
2-bit
1198
tromino
1201
tiling
1201
bonus
1202
zero-filled
1204
visible
1206
dessert
1207
effort
1208
removed
1209
equalize
1210
consistent
1211
k-length
1212
multilevel
1213
doubly
1213
truck
1215
destroying
1221
asteroids
1221
obstacles
1222
elimination
1222 1228
a's
1226
appears
1226
b's
1226
music
1227
playlists
1227
reducing
1229
dishes
1229
impossible
1231
rolls
1231
